[Actor: 0] NONE/INF signal detected: index=61 input: [1.6308500e+00 8.1542000e+01 0.0000000e+00 0.0000000e+00 1.6308500e+00
 1.6308500e+00 1.6308500e+00 1.6308500e+00 1.6308500e+00 1.6308500e+00
 1.6308500e+00 1.6308500e+00 1.6308500e+00 0.0000000e+00 0.0000000e+00
 0.0000000e+00 0.0000000e+00 0.0000000e+00 0.0000000e+00 0.0000000e+00
 0.0000000e+00 0.0000000e+00 1.0000000e+00 1.0000000e+00 1.0000000e+00
 1.0000000e+00 1.0000000e+00 1.0000000e+00 1.0000000e+00 1.0000000e+00
 1.0000000e+00 8.1542000e+01 8.1542000e+01 8.1542000e+01 8.1542000e+01
 8.1542000e+01 8.1542000e+01 8.1542000e+01 8.1542000e+01 8.1542000e+01
 0.0000000e+00 0.0000000e+00 0.0000000e+00 0.0000000e+00 0.0000000e+00
 0.0000000e+00 0.0000000e+00 0.0000000e+00 0.0000000e+00 0.0000000e+00
 0.0000000e+00 0.0000000e+00 0.0000000e+00 0.0000000e+00 0.0000000e+00
 0.0000000e+00 0.0000000e+00 0.0000000e+00 6.1740800e-02 1.0000000e+00
 0.0000000e+00           nan 1.1513766e+00 2.0262027e+00 1.1513800e-02
 0.0000000e+00 1.1513766e+00 1.1513800e-02 0.0000000e+00][Actor: 0] NONE/INF signal detected: index=61 input: [1.630030e+00 8.150100e+01 0.000000e+00 0.000000e+00 1.630030e+00
 1.630030e+00 1.630030e+00 1.630030e+00 1.630030e+00 1.630030e+00
 1.630030e+00 1.630030e+00 1.630030e+00 0.000000e+00 0.000000e+00
 0.000000e+00 0.000000e+00 0.000000e+00 0.000000e+00 0.000000e+00
 0.000000e+00 0.000000e+00 1.000000e+00 1.000000e+00 1.000000e+00
 1.000000e+00 1.000000e+00 1.000000e+00 1.000000e+00 1.000000e+00
 1.000000e+00 8.150100e+01 8.150100e+01 8.150100e+01 8.150100e+01
 8.150100e+01 8.150100e+01 8.150100e+01 8.150100e+01 8.150100e+01
 0.000000e+00 0.000000e+00 0.000000e+00 0.000000e+00 0.000000e+00
 0.000000e+00 0.000000e+00 0.000000e+00 0.000000e+00 0.000000e+00
 0.000000e+00 0.000000e+00 0.000000e+00 0.000000e+00 0.000000e+00
 0.000000e+00 0.000000e+00 0.000000e+00 6.180870e-02 1.000000e+00
 0.000000e+00          nan 1.150919e+00 2.024379e+00 1.150920e-02
 0.000000e+00 1.150919e+00 1.150920e-02 0.000000e+00][Actor: 0] NONE/INF signal detected: index=61 input: [1.6316600e+00 8.1583000e+01 0.0000000e+00 0.0000000e+00 1.6316600e+00
 1.6316600e+00 1.6316600e+00 1.6316600e+00 1.6316600e+00 1.6316600e+00
 1.6316600e+00 1.6316600e+00 1.6316600e+00 0.0000000e+00 0.0000000e+00
 0.0000000e+00 0.0000000e+00 0.0000000e+00 0.0000000e+00 0.0000000e+00
 0.0000000e+00 0.0000000e+00 1.0000000e+00 1.0000000e+00 1.0000000e+00
 1.0000000e+00 1.0000000e+00 1.0000000e+00 1.0000000e+00 1.0000000e+00
 1.0000000e+00 8.1583000e+01 8.1583000e+01 8.1583000e+01 8.1583000e+01
 8.1583000e+01 8.1583000e+01 8.1583000e+01 8.1583000e+01 8.1583000e+01
 0.0000000e+00 0.0000000e+00 0.0000000e+00 0.0000000e+00 0.0000000e+00
 0.0000000e+00 0.0000000e+00 0.0000000e+00 0.0000000e+00 0.0000000e+00
 0.0000000e+00 0.0000000e+00 0.0000000e+00 0.0000000e+00 0.0000000e+00
 0.0000000e+00 0.0000000e+00 0.0000000e+00 6.1710200e-02 1.0000000e+00
 0.0000000e+00           nan 1.1512622e+00 2.0270076e+00 1.1512600e-02
 0.0000000e+00 1.1512622e+00 1.1512600e-02 0.0000000e+00][Actor: 5] NONE/INF signal detected: index=61 input: [0.13163   6.581     0.        0.        0.13163   0.13163   0.13163
 0.13163   0.13163   0.13163   0.13163   0.13163   0.13163   0.
 0.        0.        0.        0.        0.        0.        0.
 0.        1.        1.        1.        1.        1.        1.
 1.        1.        1.        6.581     6.581     6.581     6.581
 6.581     6.581     6.581     6.581     6.581     0.        0.
 0.        0.        0.        0.        0.        0.        0.
 0.        0.        0.        0.        0.        0.        0.
 0.        0.        0.7652511 1.        0.              nan 1.150919
 0.1634749 0.0115092 0.        1.150919  0.0115092 0.       ][Actor: 5] NONE/INF signal detected: index=61 input: [1.6323200e+00 8.1616000e+01 0.0000000e+00 0.0000000e+00 1.6323200e+00
 1.6323200e+00 1.6323200e+00 1.6323200e+00 1.6323200e+00 1.6323200e+00
 1.6323200e+00 1.6323200e+00 1.6323200e+00 0.0000000e+00 0.0000000e+00
 0.0000000e+00 0.0000000e+00 0.0000000e+00 0.0000000e+00 0.0000000e+00
 0.0000000e+00 0.0000000e+00 1.0000000e+00 1.0000000e+00 1.0000000e+00
 1.0000000e+00 1.0000000e+00 1.0000000e+00 1.0000000e+00 1.0000000e+00
 1.0000000e+00 8.1616000e+01 8.1616000e+01 8.1616000e+01 8.1616000e+01
 8.1616000e+01 8.1616000e+01 8.1616000e+01 8.1616000e+01 8.1616000e+01
 0.0000000e+00 0.0000000e+00 0.0000000e+00 0.0000000e+00 0.0000000e+00
 0.0000000e+00 0.0000000e+00 0.0000000e+00 0.0000000e+00 0.0000000e+00
 0.0000000e+00 0.0000000e+00 0.0000000e+00 0.0000000e+00 0.0000000e+00
 0.0000000e+00 0.0000000e+00 0.0000000e+00 6.2028300e-02 1.0000000e+00
 0.0000000e+00           nan 1.1472715e+00 2.0207983e+00 1.1472700e-02
 0.0000000e+00 1.1472715e+00 1.1472700e-02 0.0000000e+00][Actor: 3] NONE/INF signal detected: index=61 input: [0.11706   5.853     0.        0.        0.11706   0.11706   0.11706
 0.11706   0.11706   0.11706   0.11706   0.11706   0.11706   0.
 0.        0.        0.        0.        0.        0.        0.
 0.        1.        1.        1.        1.        1.        1.
 1.        1.        1.        5.853     5.853     5.853     5.853
 5.853     5.853     5.853     5.853     5.853     0.        0.
 0.        0.        0.        0.        0.        0.        0.
 0.        0.        0.        0.        0.        0.        0.
 0.        0.        0.861524  1.        0.              nan 1.1503476
 0.1453078 0.0115035 0.        1.1503476 0.0115035 0.       ]